      2.25    1.19578    1.03413   0.606826   0.606826  -0.104548    0.42843    1.69914    0.42843   -1.40759   -1.09246  -0.930802   -1.09246   -0.67648   -1.16852   0.327046   -1.16852
   1.19578       2.25   0.894346    1.06352    1.06352  -0.760259  -0.842021   0.972373  -0.842021   -1.13329    -1.9495   -1.52673    -1.9495  -0.125406   -1.11462    1.87193   -1.11462
   1.03413   0.894346       2.25    1.39371    1.39371   -1.40776 -0.0975396    2.47586 -0.0975396   -1.11571 -0.0663197    1.02284 -0.0663197   -1.93475   -2.45838    0.51642   -2.45838
  0.606826    1.06352    1.39371       2.25       2.25   -0.84504  -0.788887          0  -0.788887  -0.482559   -0.33776          0   -0.33776  -0.586289   -1.27471          0   -1.27471
  0.606826    1.06352    1.39371       2.25       2.25   -0.84504  -0.788887          0  -0.788887  -0.482559   -0.33776          0   -0.33776  -0.586289   -1.27471          0   -1.27471
 -0.104548  -0.760259   -1.40776   -0.84504   -0.84504          9    4.06129   -1.46072    4.06129          0   -1.65548   -1.46845   -1.65548          0     1.6531   -1.78411     1.6531
   0.42843  -0.842021 -0.0975396  -0.788887  -0.788887    4.06129          9   0.191283          9   -1.65548          0  -0.635812          0     1.6531          0   -2.39955          0
   1.69914   0.972373    2.47586          0          0   -1.46072   0.191283          9   0.191283   -1.46845  -0.635812          0  -0.635812   -1.78411   -2.39955          0   -2.39955
   0.42843  -0.842021 -0.0975396  -0.788887  -0.788887    4.06129          9   0.191283          9   -1.65548          0  -0.635812          0     1.6531          0   -2.39955          0
  -1.40759   -1.13329   -1.11571  -0.482559  -0.482559          0   -1.65548   -1.46845   -1.65548          9    4.79431   0.272226    4.79431          0    1.32715   -1.01881    1.32715
  -1.09246    -1.9495 -0.0663197   -0.33776   -0.33776   -1.65548          0  -0.635812          0    4.79431          9    1.40409          9    1.32715          0   -1.02736          0
 -0.930802   -1.52673    1.02284          0          0   -1.46845  -0.635812          0  -0.635812   0.272226    1.40409          9    1.40409   -1.01881   -1.02736          0   -1.02736
  -1.09246    -1.9495 -0.0663197   -0.33776   -0.33776   -1.65548          0  -0.635812          0    4.79431          9    1.40409          9    1.32715          0   -1.02736          0
  -0.67648  -0.125406   -1.93475  -0.586289  -0.586289          0     1.6531   -1.78411     1.6531          0    1.32715   -1.01881    1.32715          9    4.79813  -0.127032    4.79813
  -1.16852   -1.11462   -2.45838   -1.27471   -1.27471     1.6531          0   -2.39955          0    1.32715          0   -1.02736          0    4.79813          9   -2.20095          9
  0.327046    1.87193    0.51642          0          0   -1.78411   -2.39955          0   -2.39955   -1.01881   -1.02736          0   -1.02736  -0.127032   -2.20095          9   -2.20095
  -1.16852   -1.11462   -2.45838   -1.27471   -1.27471     1.6531          0   -2.39955          0    1.32715          0   -1.02736          0    4.79813          9   -2.20095          9
